%YAML:1.0
extrinsicRotation: !!opencv-matrix
   rows: 3
   cols: 3
   dt: d
   data: [ 1.6084676143171772e-02, -9.9986747036386436e-01,
       2.5149356923620889e-03, 9.9973223272405232e-01,
       1.6124247361846256e-02, 1.6597334111109110e-02,
       -1.6635685917661319e-02, 2.2472995308653468e-03,
       9.9985909187188349e-01 ]
extrinsicTranslation: !!opencv-matrix
   rows: 3
   cols: 1
   dt: d
   data: [ -1.5125344863241099e-02, -7.0997577554888378e-02,
       -3.7911958592983623e-03 ]
